SIZES
  narena                13631488
  nbuffer               872288
  nplugin               0
  maxuse_stack          600
  maxuse_arena          28928
  maxuse_con            0
  maxuse_efc            0
  solver_nisland        0
  ne                    0
  nf                    0
  nl                    0
  nefc                  0
  nnzJ                  0
  ncon                  0
  nisland               0
  threadpool            0

TIMER
    0:  duration =  0.065      number = 1
    1:  duration =  0.063      number = 1
    2:  duration =  0          number = 0
    3:  duration =  0.057      number = 1
    4:  duration =  0.0028     number = 1
    5:  duration =  0.0008     number = 1
    6:  duration =  0.0002     number = 1
    7:  duration =  0.0008     number = 1
    8:  duration =  0.0051     number = 1
    9:  duration =  0.0014     number = 1
    10:  duration =  0.047      number = 1
    11:  duration =  0.0024     number = 1
    12:  duration =  0.0001     number = 1
    13:  duration =  0.0064     number = 1
    14:  duration =  0.0053     number = 1

ENERGY =   0         0       

TIME =  2.8     

QPOS
   0       
   0       
   0       
   0       

QVEL
   0       
   0       
   0       
   0       

QACC_WARMSTART
   0       
   0       
   0       
   0       

CTRL
   0       
   0       
   0       
   0       

QFRC_APPLIED
   0       
   0       
   0       
   0       

XFRC_APPLIED
   0         0         0         0         0         0       
   0         0         0         0         0         0       
   0         0         0         0         0         0       
   0         0         0         0         0         0       
   0         0         0         0         0         0       
   0         0         0         0         0         0       

QACC
   0       
   0       
   0       
   0       

XPOS
   0         0         0       
   0         0         0.1     
   0        -0.052     0.2     
  -0.061    -0.23      0.2     
   0        -0.052     0       
  -0.06     -0.23      0.003   

XQUAT
   1         0         0         0       
   1         0         0         0       
   0.96      0         0        -0.28    
   0.99      0         0        -0.16    
   0         1         0         0       
   0         0.99     -0.16      0       

XMAT
   1         0         0         0         1         0         0         0         1       
   1         0         0         0         1         0         0         0         1       
   0.85      0.53      0        -0.53      0.85     -0        -0         0         1       
   0.95      0.32      0        -0.32      0.95     -0        -0         0         1       
   1         0         0         0        -1         0         0         0        -1       
   0.95     -0.32      0        -0.32     -0.95     -0         0         0        -1       

XIPOS
   0         0         0       
   3.9e-05  -0.022     0.099   
  -0.042    -0.18      0.16    
  -0.086    -0.31      0.16    
  -0.041    -0.18      0.041   
  -0.069    -0.31      0.04    

XIMAT
   1         0         0         0         1         0         0         0         1       
   1        -0.0019    0.0019    0.0018    1         0.02     -0.002    -0.02      1       
   0.85      0.53      0        -0.53      0.85     -0        -0         0         1       
   0.95      0.32      0        -0.32      0.95     -0        -0         0         1       
   1         0         0         0        -1         0         0         0        -1       
   0.95     -0.32      0        -0.32     -0.95     -0         0         0        -1       

XANCHOR
   0        -0.052     0.2     
  -0.061    -0.23      0.2     
   0        -0.052     0       
  -0.06     -0.23      0.003   

XAXIS
   0         0         1       
   0         0         1       
   0         0         1       
   0         0         1       

GEOM_XPOS
   0         0         0       
   3.9e-05  -0.022     0.099   
   3.9e-05  -0.022     0.099   
  -0.028    -0.13      0.16    
  -0.028    -0.13      0.16    
  -0.082    -0.29      0.16    
  -0.082    -0.29      0.16    
  -0.027    -0.13      0.038   
  -0.027    -0.13      0.038   
  -0.068    -0.3       0.04    
  -0.068    -0.3       0.04    

GEOM_XMAT
   1         0         0         0         1         0         0         0         1       
   1        -0.0019    0.0019    0.0018    1         0.02     -0.002    -0.02      1       
   1        -0.0019    0.0019    0.0018    1         0.02     -0.002    -0.02      1       
   0.95      0.016    -0.32     -0.32      0.047    -0.95     -7.7e-05   1         0.05    
   0.95      0.016    -0.32     -0.32      0.047    -0.95     -7.7e-05   1         0.05    
   0.95     -0.008    -0.32     -0.32     -0.023    -0.95      0.00011   1        -0.025   
   0.95     -0.008    -0.32     -0.32     -0.023    -0.95      0.00011   1        -0.025   
   0.95      0.016     0.32     -0.32      0.047     0.95     -0.00011  -1         0.05    
   0.95      0.016     0.32     -0.32      0.047     0.95     -0.00011  -1         0.05    
   0.99     -0.0028    0.12     -0.12     -0.025     0.99      0.00011  -1        -0.025   
   0.99     -0.0028    0.12     -0.12     -0.025     0.99      0.00011  -1        -0.025   

LIGHT_XPOS
   0         0         2       

LIGHT_XDIR
   0         0        -1       

SUBTREE_COM
  -0.0044   -0.039     0.099   
  -0.0044   -0.039     0.099   
  -0.06     -0.23      0.16    
  -0.086    -0.31      0.16    
  -0.053    -0.23      0.041   
  -0.069    -0.31      0.04    

CDOF
   0         0         1        -0.014    -0.0044    0       
   0         0         1        -0.19      0.056     0       
   0         0         1        -0.014    -0.0044    0       
   0         0         1        -0.19      0.055     0       

CINERT
   0         0         0         0         0         0         0         0         0         0       
   0.044     0.031     0.02     -0.00073  -4e-05    -0.00026   0.046     0.17     -0.0016    10      
   0.0063    0.0016    0.0058   -0.0015    0.00061   0.0022   -0.0099   -0.036     0.016     0.26    
   0.014     0.002     0.014    -0.004     0.00091   0.003    -0.015    -0.048     0.011     0.18    
   0.0062    0.0014    0.0058   -0.0013   -0.00056  -0.0021   -0.0098   -0.036    -0.015     0.26    
   0.014     0.0015    0.014    -0.0032   -0.00068  -0.0029   -0.012    -0.049    -0.01      0.18    

ACTUATOR_LENGTH
   0       
   0       
   0       
   0       

ACTUATOR_MOMENT
   1         0         0         0       
   0         1         0         0       
   0         0         1         0       
   0         0         0         1       

CRB
   0         0         0         0         0         0         0         0         0         0       
   0.085     0.038     0.06     -0.011     0.00023  -9.8e-06   1e-17     6.9e-17  -2.1e-16   11      
   0.02      0.0035    0.02     -0.0055    0.0015    0.0052   -0.025    -0.084     0.027     0.44    
   0.014     0.002     0.014    -0.004     0.00091   0.003    -0.015    -0.048     0.011     0.18    
   0.02      0.0028    0.02     -0.0046   -0.0012   -0.005    -0.021    -0.085    -0.026     0.44    
   0.014     0.0015    0.014    -0.0032   -0.00068  -0.0029   -0.012    -0.049    -0.01      0.18    

QM
   0.018     0.0042    0         0       
   0.0042    0.0015    0         0       
   0         0         0.018     0.0042  
   0         0         0.0042    0.0015  

QLD
   0.0064    2.8       0         0       
   2.8       0.0015    0         0       
   0         0         0.0066    2.7     
   0         0         2.7       0.0015  

QLDIAGINV
   1.6e+02 
   6.6e+02 
   1.5e+02 
   6.6e+02 

QLDIAGSQRTINV
   13      
   26      
   12      
   26      

B_rownnz              4 4 2 2 2 2

B_rowadr              0 4 8 10 12 14

B_colind              0 1 2 3 0 1 2 3 0 1 0 1 2 3 2 3

C_rownnz              2 2 2 2

C_rowadr              0 2 4 6

C_colind              0 1 0 1 2 3 2 3

mapM2C                0 2 2 1 3 5 5 4

D_rownnz              2 2 2 2

D_rowadr              0 2 4 6

D_colind              0 1 0 1 2 3 2 3

mapM2D                0 2 2 1 3 5 5 4

mapD2M                0 3 2 4 7 6

QDERIV
   0         0         0         0       
   0         0         0         0       
   0         0         0         0       
   0         0         0         0       

QLU
   0         0         0         0       
   0         0         0         0       
   0         0         0         0       
   0         0         0         0       

CONTACT
ACTUATOR_VELOCITY
   0       
   0       
   0       
   0       

CVEL
   0         0         0         0         0         0       
   0         0         0         0         0         0       
   0         0         0         0         0         0       
   0         0         0         0         0         0       
   0         0         0         0         0         0       
   0         0         0         0         0         0       

CDOF_DOT
   0         0         0         0         0         0       
   0         0         0         0         0         0       
   0         0         0         0         0         0       
   0         0         0         0         0         0       

QFRC_BIAS
   0       
   0       
   0       
   0       

QFRC_SPRING
   0       
   0       
   0       
   0       

QFRC_DAMPER
   0       
   0       
   0       
   0       

QFRC_GRAVCOMP
   0       
   0       
   0       
   0       

QFRC_FLUID
   0       
   0       
   0       
   0       

QFRC_PASSIVE
   0       
   0       
   0       
   0       

SUBTREE_LINVEL
   0         0         0       
   0         0         0       
   0         0         0       
   0         0         0       
   0         0         0       
   0         0         0       

SUBTREE_ANGMOM
   0         0         0       
   0         0         0       
   0         0         0       
   0         0         0       
   0         0         0       
   0         0         0       

ACTUATOR_FORCE
   0       
   0       
   0       
   0       

QFRC_ACTUATOR
   0       
   0       
   0       
   0       

QFRC_SMOOTH
   0       
   0       
   0       
   0       

QACC_SMOOTH
   0       
   0       
   0       
   0       

QFRC_CONSTRAINT
   0       
   0       
   0       
   0       

QFRC_INVERSE
   0       
   0       
   0       
   0       

CACC
   0         0         0         0         0         0       
   0         0         0         0         0         0       
   0         0         0         0         0         0       
   0         0         0         0         0         0       
   0         0         0         0         0         0       
   0         0         0         0         0         0       

CFRC_INT
   0         0         0         0         0         0       
   0         0         0         0         0         0       
   0         0         0         0         0         0       
   0         0         0         0         0         0       
   0         0         0         0         0         0       
   0         0         0         0         0         0       

CFRC_EXT
   0         0         0         0         0         0       
   0         0         0         0         0         0       
   0         0         0         0         0         0       
   0         0         0         0         0         0       
   0         0         0         0         0         0       
   0         0         0         0         0         0       

